    15
    10
    32
    32
    5
    False
    96
    96
    96
    96
    96
    96
    96
    96
    96
    96
    96
    96
    96
    96
    96
    96
    96
    96
    96
    96
    96
    96
    96
    96
    96
    96
    96
    96
    96
    96
    96
    96
    12
    28
    28
    28
    28
    28
    28
    28
    28
    28
    28
    44
    96
    96
    96
    13
    27
    27
    27
    27
    27
    27
    27
    27
    27
    27
    45
    96
    96
    96
    13
    27
    27
    27
    27
    27
    27
    27
    27
    27
    27
    45
    96
    96
    96
    13
    27
    27
    27
    27
    27
    27
    27
    27
    27
    27
    45
    96
    96
    96
    13
    27
    27
    27
    27
    27
    27
    27
    27
    27
    27
    45
    96
    96
    96
    158
    96
    30
    30
    30
    30
    30
    30
    30
    30
    30
    46
    96
    96
    96
    96
    96
    96
    96
    96
    96
    96
    96
    96
    96
    96
    96
    96
    96
    96
    96
    96
    96
    96
    96
    96
    96
    96
    96
    96
    96
    96
    96
    False
    0
    0
    0
    0
    0
    0
    0
    0
    0
    0
    0
    0
    0
    0
    0
    0
    0
    0
    0
    0
    0
    0
    0
    0
    0
    0
    0
    0
    0
    0
    0
    0
    0
    0
    0
    0
    0
    0
    0
    0
    0
    0
    0
    0
    0
    0
    0
    0
    0
    0
    0
    0
    0
    0
    0
    0
    0
    0
    0
    0
    0
    0
    0
    0
    0
    0
    0
    0
    0
    0
    0
    0
    0
    0
    0
    0
    0
    0
    0
    0
    0
    0
    0
    0
    0
    0
    0
    0
    0
    0
    0
    0
    0
    0
    0
    0
    0
    0
    0
    0
    0
    0
    0
    0
    0
    0
    0
    0
    0
    0
    0
    0
    0
    0
    0
    0
    0
    0
    0
    0
    0
    0
    0
    0
    0
    0
    0
    0
    0
    0
    0
    0
    0
    0
    0
    0
    0
    0
    0
    0
    0
    0
    0
    0
    0
    0
    0
    0
    0
    0
    False
    0
    0
    0
    0
    0
    0
    0
    0
    0
    0
    0
    0
    0
    0
    0
    0
    0
    0
    0
    0
    0
    0
    0
    0
    0
    0
    0
    0
    0
    0
    0
    0
    0
    0
    0
    0
    0
    0
    0
    0
    0
    0
    0
    0
    0
    0
    0
    0
    0
    0
    0
    0
    0
    0
    0
    0
    0
    0
    0
    0
    0
    0
    0
    0
    0
    0
    0
    0
    0
    0
    0
    0
    0
    0
    0
    0
    0
    0
    0
    0
    0
    0
    0
    0
    0
    0
    0
    0
    0
    0
    0
    0
    0
    0
    0
    0
    0
    0
    0
    0
    0
    0
    0
    0
    0
    0
    0
    0
    0
    0
    0
    0
    0
    0
    0
    0
    0
    0
    0
    0
    0
    0
    0
    0
    0
    0
    0
    0
    0
    0
    0
    0
    0
    0
    0
    0
    0
    0
    0
    0
    0
    0
    0
    0
    0
    0
    0
    0
    0
    0
    False
    0
    0
    0
    0
    0
    0
    0
    0
    0
    0
    0
    0
    0
    0
    0
    0
    0
    0
    0
    0
    0
    0
    0
    0
    0
    0
    0
    0
    0
    0
    0
    0
    0
    0
    0
    0
    0
    0
    0
    0
    0
    0
    0
    0
    0
    0
    0
    0
    0
    0
    0
    0
    0
    0
    0
    0
    0
    0
    0
    0
    0
    0
    0
    0
    0
    0
    0
    0
    0
    0
    0
    0
    0
    0
    0
    0
    0
    0
    0
    0
    0
    0
    0
    0
    0
    0
    0
    0
    0
    0
    0
    0
    0
    0
    0
    0
    0
    0
    0
    0
    0
    0
    0
    0
    0
    0
    0
    0
    0
    0
    0
    0
    0
    0
    0
    0
    0
    0
    0
    0
    0
    0
    0
    0
    0
    0
    0
    0
    0
    0
    0
    0
    0
    0
    0
    0
    0
    0
    0
    0
    0
    0
    0
    0
    0
    0
    0
    0
    0
    0
    True
    0
    0
    0
    0
    0
    0
    0
    168
    168
    168
    168
    0
    0
    0
    0
    0
    0
    0
    0
    0
    0
    0
    0
    0
    0
    0
    0
    0
    0
    0
    0
    0
    0
    0
    253
    0
    0
    0
    0
    0
    0
    0
    0
    0
    0
    0
    168
    0
    0
    0
    0
    0
    0
    0
    0
    0
    0
    253
    0
    168
    0
    168
    0
    0
    0
    0
    238
    254
    0
    0
    0
    0
    0
    0
    168
    0
    168
    0
    253
    0
    0
    117
    133
    0
    0
    239
    255
    0
    0
    168
    0
    0
    0
    0
    0
    0
    118
    134
    0
    0
    240
    256
    0
    0
    0
    0
    0
    14
    30
    0
    0
    0
    0
    0
    0
    0
    0
    0
    0
    0
    0
    0
    0
    0
    253
    0
    0
    0
    0
    0
    0
    0
    0
    0
    0
    168
    0
    0
    0
    0
    0
    0
    168
    168
    168
    168
    0
    0
    0
    0

